136 68624338696
124 68610036088
115 68578433421
125 68632833696
128 68611991242
138 68657772914
142 68638321847
128 68616648791
131 68619087979
134 68631863293
146 68631160989
126 68647526929
120 68596570028
113 68576610564
126 68618694288
113 68596251993
126 68643672955
128 68601487498
138 68622200076
125 68608543320
129 68604811791
128 68630005115
133 68649969913
90 68613020678
135 68642572105
137 68651748790
122 68587770147
127 68609788273
115 68580742028
123 68628344902
134 68651741623
118 68581711535
113 68574935170
120 68604644689
123 68610722913
137 68619278748
132 68617279417
118 68592876378
120 68694327491
130 68618540312
145 68642371292
133 68646554094
138 68634454506
131 68592711871
123 68611672947
118 68581566104
123 68591871398
134 68632310807
134 68607636265
117 68637524969
129 68602398883
133 68611838975
146 68625791726
138 68645342618
122 68605191160
131 68618878305
120 68611523119
131 68622481310
116 68590662350
130 68615026888
139 68643589134
125 68635116971
127 68621746919
117 68591134122
130 68628299764
129 68608462973
134 68632427677
132 68609514257
127 68613535958
129 68619698656
122 68618611142
95 68612524428
113 68615672349
111 68571454154
134 68654132903
131 68632880457
128 68617610725
130 68622213502
115 68595023357
120 68613299562
123 68629018816
131 68630470398
138 68654651474
126 68645229537
120 68600026079
126 68611098650
133 68615906147
114 68619264023
136 68640828095
113 68622262705
125 68604005165
143 68636116743
127 68614463461
131 68608704059
107 68580821896
125 68617442078
127 68623753302
121 68598279040
137 68620967481
130 68599017858
137 68618389758
124 68611361340
121 68600891200
128 68622375000
126 68616694591
137 68654984996
131 68599752766
141 68642237399
121 68616691529
134 68621170916
111 68592739632
133 68608769721
137 68651043366
129 68629699376
143 68640930673
116 68587408297
134 68639851921
129 68615382945
130 68625042929
124 68625502813
136 68620369308
122 68636687695
127 68619422687
122 68606151638
125 68617459032
108 68610499494
123 68618053609
135 68614620975
125 68632715195
132 68630743610
127 68612405509
128 68617749463
126 68613614117
115 68626194555
135 68639668300
130 68625913392
133 68621948920
124 68613935242
126 68624213469
117 68593104490
131 68609928292
134 68608101999
135 68615047364
123 68615581405
130 68626628436
120 68608534476
127 68623582778
138 68618015185
143 68642000832
121 68599192670
121 68598055178
99 68591748168
143 68626196971
132 68633428102
128 68622426544
134 68626522325
140 68642655514
127 68621481091
133 68642652216
126 68599357149
131 68636276460
141 68628003783
124 68577692007
144 68795537336
121 68607165131
131 68619201439
129 68625788587
117 68591244986
131 68637063425
131 68627106638
127 68606461805
142 68610702717
115 68585529694
129 68636172860
135 68638794697
108 68557968309
125 68615958430
122 68615755058
136 68650701180
123 68616522956
126 68599543666
135 68657297785
117 68586433380
120 68634450954
123 68614270404
116 68592418947
119 68620131543
134 68638076329
127 68613014560
137 68641783088
126 68610620130
122 68626640395
143 68616674417
135 68623520751
134 68591110795
108 68565804927
136 68630841663
142 68611226545
141 68632734181
122 68609792744
132 68619580442
126 68635936889
113 68584763365
133 68589766121
139 68620290980
127 68623012913
108 68558748845
128 68618992276
130 68622552686
133 68630865723
129 68622907617
140 68616538791
132 68612306471
127 68615959344
114 68612293512
126 68621437519
124 68606328440
129 68629188969
135 68611518024
128 68630519086
115 68584023744
123 68611075239
148 68644299482
126 68622702434
115 68623159718
117 68583893131
131 68613929853
118 68592644560
141 68617512109
124 68620585490
131 68597125245
135 68633320744
123 68610808773
122 68603528612
133 68654772653
127 68621034614
128 68602967789
125 68608973844
129 68618259250
129 68610715647
121 68596917089
131 68631658271
148 68638697685
130 68607943134
130 68614220722
130 68636302272
127 68619144146
134 68637915246
123 68615368414
125 68615134767
131 68630097598
123 68602015665
126 68624363325
131 68625698422
130 68621094140
138 68636446365
122 68623249083
133 68610281273
126 68608568306
136 68616105999
113 68585891344
127 68621816411
133 68655939771
138 68756580515
132 68610502409
141 68607287835
134 68596780750
125 68613235757
139 68649803114
122 68614773853
122 68633816848
138 68645858662
138 68624987412
134 68623998075
134 68599728438
125 68610357631
125 68609704343
137 68626488156
132 68611560498
127 68602632079
136 68648439323
121 68611113136
108 68598255719
121 68624997793
136 68620257402
124 68604430826
140 68653223871
124 68628432881
126 68618449508
107 68573414078
126 68645843606
129 68626092741
127 68602901427
134 68614612148
135 68621848099
129 68626573127
129 68648037880
117 68625621116
123 68609351545
138 68640362260
121 68633043219
124 68618127736
127 68620215184
115 68585798734
125 68622786414
130 68618789480
121 68598535809
124 68609081463
125 68610200195
130 68615954336
123 68617697611
116 68588232526
138 68639854582
135 68633515847
124 68611456220
117 68611218363
133 68640737270
127 68600181870
144 68644786308
135 68643330644
125 68640648498
106 68556424055
120 68596567642
118 68586825917
120 68598218360
132 68646775276
154 68829615284
130 68648238617
119 68596169512
133 68640058139
97 68589428986
125 68606846331
140 68634698091
137 68646349243
110 68611614473
135 68624055736
105 68607056447
124 68617542660
130 68616537262
122 68613739489
124 68617885608
130 68622529488
120 68602865093
121 68597399723
121 68607689795
126 68641370176
146 68625698043
133 68627859771
137 68617854108
133 68625662814
141 68630993444
118 68580065283
127 68614731803
133 68604690567
125 68617853999
124 68640959663
128 68622038623
125 68639844939
110 68570240404
124 68590003529
132 68626002954
136 68609547422
138 68620047310
120 68627821034
120 68604102468
131 68611897205
120 68596334550
140 68615547855
133 68635866411
127 68610644570
126 68618744122
122 68630504128
113 68582380936
136 68641398990
119 68620743977
126 68614744984
144 68626415134
120 68609022660
129 68624018157
133 68628126547
115 68591989718
133 68611524044
122 68640758136
121 68598879897
130 68621298047
134 68603851606
126 68622270364
121 68603629550
128 68642405025
130 68613164860
132 68628141983
124 68610609502
128 68615403522
127 68630052137
119 68594695495
135 68623512416
124 68624161131
126 68619205636
137 68634237253
142 68644064695
124 68611794263
129 68600057189
128 68644803117
122 68606879869
122 68601674118
132 68646961564
126 68597332147
126 68620187265
137 68632155509
140 68632561239
120 68594475391
137 68599230524
140 68614481641
121 68620593045
114 68587358714
130 68628229361
118 68628322985
127 68618194099
123 68615171881
123 68610458586
118 68594601177
129 68637626779
127 68638694905
130 68639596794
127 68625575864
130 68640206654
130 68617489192
135 68645402487
123 68614382082
135 68764867762
138 68633864244
122 68584690952
116 68622601640
101 68592262060
136 68587565063
135 68638443759
134 68635432886
124 68600692342
125 68642385591
139 68649684583
125 68619526411
131 68651834093
131 68628814748
124 68612243117
128 68623353026
130 68631427798
128 68613770457
132 68637948540
144 68610605520
123 68640794407
135 68595419680
130 68630229345
134 68597858833
131 68611889037
117 68600423602
132 68614794636
129 68634323594
122 68605783072
142 68623471451
132 68626591393
123 68604727414
139 68613102437
132 68608318396
131 68628339597
125 68639389295
120 68596293866
117 68598446102
129 68615712270
125 68635021736
111 68589957089
140 68617039886
128 68647720556
113 68593024616
109 68580042913
125 68615213081
123 68590158316
128 68644776500
126 68609291202
119 68590893140
136 68630690872
139 68634300947
125 68635010126
129 68647968793
138 68641278622
123 68621387073
117 68584912333
125 68616559076
129 68626207322
121 68628570161
126 68611926100
131 68614031628
132 68615080829
129 68590188521
112 68576725089
113 68577960727
110 68569866477
139 68628882930
120 68632178618
122 68611464820
142 68632850526
123 68610859475
142 68634226631
129 68645402788
133 68622622608
116 68628586284
122 68619523456
127 68619480052
123 68607201044
131 68577991099
132 68612731093
121 68610542997
124 68616422134
120 68602207540
131 68628127201
120 68617138062
127 68633583696
122 68606934058
131 68599230299
140 68635220396
122 68630551896
130 68616755557
129 68636351750
118 68588690154
123 68622622331
118 68615539583
108 68596399721
122 68631776859
121 68582688602
127 68620693915
122 68598737005
133 68635417077
137 68641160489
130 68639087751
139 68637214491
123 68609548614
114 68577237718
133 68614479066
123 68606535586
131 68632497155
121 68611199513
138 68642813169
129 68626118480
111 68614159064
139 68627352037
131 68637506847
121 68602507969
111 68608140443
125 68641543670
142 68627519393
125 68614107424
137 68613603661
134 68597285541
122 68640234016
115 68607110100
124 68612535656
123 68605938013
132 68596841640
145 68629085750
134 68592069469
131 68629258797
128 68620640130
135 68620998178
6 11756295703751
127 68628576763
134 68605616477
129 68628727275
127 68617095760
135 68624834989
124 68629623568
124 68631409492
132 68610806842
124 68607296638
119 68596736379
142 68619777751
117 68591847946
138 68606608261
131 68628745900
139 68611605641
139 68641017922
119 68586519296
143 68627811315
134 68636875436
114 68610493526
121 68607735751
129 68624340072
119 68595558409
124 68590813757
125 68597577125
120 68607657431
125 68627846874
122 68610025446
131 68607374466
137 68638935853
116 68586130718
95 68616610659
134 68590735733
130 68612509140
134 68639774333
135 68615040562
130 68586837533
133 68636860093
127 68607117746
131 68629012118
139 68641807968
119 68601367132
123 68597965389
122 68605359574
138 68614000316
117 68608324244
119 68589905357
128 68601803310
133 68622508354
150 68650042334
124 68612571181
137 68655005000
112 68572472939
126 68622021377
126 68618880524
135 68603942855
111 68609091867
128 68599171414
137 68617720134
114 68579772730
121 68599964829
118 68603448072
118 68586520963
104 68602985093
129 68627411895
121 68615303144
122 68607456891
135 68637663175
124 68637722158
127 68633209099
125 68623895657
129 68619956512
132 68616641755
123 68615921116
132 68646824770
123 68611456870
120 68601912011
137 68621421136
117 68595322695
128 68624278913
121 68636764804
128 68599704885
129 68626941767
127 68618090129
120 68604461596
133 68597065905
117 68619408450
138 68631386352
131 68594162671
142 68625129555
122 68607284780
134 68619721552
130 68627589358
132 68636694095
124 68612430356
117 68598833766
132 68637026638
149 68794061728
135 68640832965
141 68636415135
136 68619108824
119 68604362745
137 68637481169
115 68584258319
137 68638594353
127 68621488026
129 68609446519
120 68590017805
125 68608006296
120 68606271422
124 68613505001
123 68619160215
133 68607123816
129 68644208262
127 68598170751
131 68601370407
136 68621286447
130 68631191905
134 68636678057
126 68598249906
119 68599527509
121 68608737930
125 68636398729
136 68643538188
134 68608707627
130 68612268642
119 68592231158
127 68623898980
126 68636385750
135 68625288345
121 68607212282
132 68629977927
120 68636515185
140 68633969648
130 68608552534
121 68580225936
129 68626456232
142 68639605678
130 68599242578
134 68602649521
130 68614609139
133 68625848385
127 68601705991
125 68622669577
131 68606477509
138 68645696938
132 68616502434
113 68671439808
120 68613535505
122 68613563656
131 68632734824
133 68620526631
120 68603947599
132 68614907642
128 68645999264
133 68614916196
120 68620919164
124 68636099700
118 68601908950
122 68598298595
132 68634985850
108 68608829387
142 68646124339
4 11756295703730
126 68625282677
123 68596073698
133 68615546482
133 68646104562
127 68610785798
131 68590000688
120 68604054595
125 68612426609
120 68601977335
132 68622917760
124 68608852474
130 68626567890
130 68729329930
142 68625536786
133 68619869339
120 68594749245
115 68577762544
129 68625073617
122 68606584041
132 68625048214
145 68628943377
119 68606148829
125 68643409401
137 68629397628
127 68622985154
122 68604895080
130 68620359967
141 68627784714
123 68611051339
126 68615219815
122 68603461109
132 68618205982
102 68547448260
136 68629526551
134 68615385535
123 68640893750
127 68611529194
143 68643258525
122 68585596043
125 68628077478
135 68637664924
127 68640396142
121 68599662916
133 68610861003
137 68632014353
133 68642279647
141 68647701360
130 68627894671
115 68598385805
126 68637996734
130 68622685644
122 68613330588
142 68633393603
125 68618138116
119 68631464082
150 68796539635
132 68643646250
136 68642786566
112 68620409505
130 68627379258
134 68640453282
123 68611158826
128 68639434143
125 68627919517
115 68626316148
124 68597498896
127 68624424800
132 68615226018
134 68628992557
131 68625864712
127 68613648962
142 68648246035
124 68611246067
122 68615868373
131 68612148452
120 68595421684
127 68650088985
134 68575917357
134 68612233665
136 68637240980
126 68596896643
126 68631212289
130 68637133222
143 68621482312
129 68597173469
142 68596592156
117 68631192673
121 68602915541
117 68598537685
101 68594081159
114 68589124094
132 68625363990
133 68612211514
119 68606385529
132 68629222374
125 68625727015
133 68626021677
138 68646529293
134 68616756393
140 68652528544
123 68618869796
136 68642335407
132 68650446344
129 68630447377
132 68608460064
136 68631530434
127 68621016869
121 68622005112
128 68621974439
124 68615930921
117 68607592668
131 68629192310
133 68635499830
130 68607653820
134 68639146594
126 68583752441
123 68616180339
130 68632440342
127 68614140933
131 68609451543
118 68597271277
119 68587987292
120 68611719162
112 68598030650
118 68589147054
128 68630218852
5 11756295703733
123 68608538688
124 68613534708
125 68614502152
132 68655320257
130 68628711895
129 68624206630
138 68636868587
117 68586722624
126 68637672298
136 68638698811
115 68584340286
131 68649376685
121 68601057143
110 68612307084
124 68636800224
137 68600804392
131 68615179647
120 68617065691
118 68594378741
137 68606545924
134 68610999716
114 68573922198
128 68622683073
102 68597574773
124 68640244989
125 68623904733
139 68616278855
125 68622532718
128 68637305387
119 68614481890
118 68591623655
135 68611812950
127 68642988835
5 11756295703734
131 68634625021
122 68599612708
122 68595202925
134 68597853646
132 68658165892
133 68609607871
117 68593149088
133 68604034325
121 68601123015
124 68615957891
121 68610933965
128 68642985219
117 68606353491
135 68649591169
108 68582327028
128 68597064305
132 68637050150
117 68593228239
121 68617355079
134 68598023662
115 68634974860
117 68588548531
119 68584045687
145 68628670557
130 68617601858
132 68629105575
120 68611991174
130 68621849033
141 68652345859
121 68598309719
129 68633131811
134 68617153279
130 68638692554
128 68619155063
125 68612394174
117 68597003198
129 68625835783
120 68609140742
122 68631634888
131 68622738700
131 68615917895
120 68608715440
135 68606164536
116 68617489365
131 68632703006
120 68629800995
124 68611169669
112 68578018664
118 68589055529
127 68632562740
122 68605282673
122 68603733615
123 68624433185
123 68602996086
124 68609948213
132 68649929362
124 68611989866
132 68599390393
130 68623072623
138 68645241596
125 68613274856
135 68641346272
136 68619067142
119 68594067496
131 68635831766
123 68609385237
119 68597369999
127 68619505766
142 68636857582
122 68640954239
116 68587197842
137 68614195124
141 68631559491
121 68616325787
135 68611130875
123 68607122338
133 68640454873
125 68605095268
122 68598980827
122 68608514123
134 68641581594
136 68639774373
117 68587687324
104 68602289622
117 68591137165
143 68629707361
120 68592327615
130 68604901981
123 68613559723
127 68619189033
129 68636226492
134 68634715068
123 68609541957
137 68602662571
116 68579855690
125 68613131650
120 68599827799
128 68600280752
128 68623937689
122 68596387365
129 68627814837
123 68608040720
118 68593015838
135 68638923519
122 68607185091
120 68596890751
133 68612003660
131 68640516894
125 68620033183
133 68626247963
137 68604587186
123 68600512210
