5 16113951172498
5 16113946640057
5 16113948215823
5 16113945776816
5 16113952182884
5 16113946802422
5 16113949257040
5 16113949990279
5 16113953220035
5 16113950637479
5 16113952239681
5 16113951529554
6 16113953601755
5 16113953031484
5 16113952768122
5 16113950988747
5 16113951461950
5 16113951422549
4 16113945203514
5 16113952205289
5 16113952928160
5 16113948308217
5 16113951469962
5 16113952246671
5 16113952275798
5 16113953034570
5 16113949893807
5 16113950587989
6 16113957992017
5 16113950060029
5 16113948175068
5 16113947107542
5 16113948592287
5 16113953257527
5 16113949107862
5 16113952166815
5 16113952765552
5 16113953620885
5 16113947945423
5 16113953401468
5 16113952867673
6 16113955089303
5 16113948087673
5 16113953053429
5 16113948151860
5 16113952563627
5 16113947034614
6 16113953517784
5 16113952467159
5 16113950911027
5 16113948134083
6 16113958927233
5 16113952700483
5 16113949026870
5 16113953247707
5 16113952212809
5 16113952107274
5 16113951610304
5 16113952540413
5 16113953004374
5 16113950693288
5 16113949739686
4 16113945258356
5 16113950208205
5 16113949258665
5 16113951467044
5 16113953251552
5 16113951198357
6 16113959474599
5 16113948069964
5 16113948681523
5 16113949835034
6 16113957843877
5 16113951755682
5 16113948761909
5 16113951525911
6 16113955205505
5 16113951633141
5 16113945979540
5 16113950613617
5 16113951020573
5 16113953602385
5 16113952623309
5 16113949735722
5 16113950215825
5 16113949001211
5 16113952291448
5 16113947052143
5 16113951103056
5 16113953316921
5 16113952633168
5 16113950529345
5 16113946979217
5 16113950850290
5 16113951782274
5 16113948908415
5 16113951922686
5 16113947024624
5 16113952895814
5 16113953287472
6 16113955604004
6 16113952359635
5 16113947543921
5 16113951095303
5 16113951916186
5 16113947433798
5 16113951372003
