5 16113951172498
5 16113946640057
5 16113948215823
5 16113945776816
5 16113952182884
5 16113946802422
5 16113949257040
5 16113949990279
5 16113953220035
5 16113950637479
5 16113952239681
5 16113951529554
6 16113953601755
5 16113953031484
5 16113952768122
5 16113950988747
5 16113951461950
5 16113951422549
4 16113945203514
5 16113952205289
5 16113952928160
5 16113948308217
5 16113951469962
5 16113952246671
5 16113952275798
5 16113953034570
5 16113949893807
5 16113950587989
6 16113957992017
5 16113950060029
5 16113948175068
5 16113947107542
5 16113948592287
5 16113953257527
5 16113949107862
5 16113952166815
5 16113952765552
5 16113953620885
5 16113947945423
5 16113953401468
5 16113952867673
6 16113955089303
5 16113948087673
5 16113953053429
5 16113948151860
5 16113952563627
5 16113947034614
6 16113953517784
5 16113952467159
5 16113950911027
5 16113948134083
6 16113958927233
5 16113952700483
5 16113949026870
5 16113953247707
5 16113952212809
5 16113952107274
5 16113951610304
5 16113952540413
5 16113953004374
5 16113950693288
5 16113949739686
4 16113945258356
5 16113950208205
5 16113949258665
5 16113951467044
5 16113953251552
5 16113951198357
6 16113959474599
5 16113948069964
5 16113948681523
5 16113949835034
6 16113957843877
5 16113951755682
5 16113948761909
5 16113951525911
6 16113955205505
5 16113951633141
5 16113945979540
5 16113950613617
5 16113951020573
5 16113953602385
5 16113952623309
5 16113949735722
5 16113950215825
5 16113949001211
5 16113952291448
5 16113947052143
5 16113951103056
5 16113953316921
5 16113952633168
5 16113950529345
5 16113946979217
5 16113950850290
5 16113951782274
5 16113948908415
5 16113951922686
5 16113947024624
5 16113952895814
5 16113953287472
6 16113955604004
6 16113952359635
5 16113947543921
5 16113951095303
5 16113951916186
5 16113947433798
5 16113951372003
5 16113948090000
5 16113952111019
5 16113950592826
5 16113953248099
5 16113952303577
5 16113950205742
6 16113954997984
5 16113952439298
6 16113956555093
5 16113951171681
5 16113952227763
5 16113948344245
5 16113950569018
5 16113953314004
5 16113950359180
5 16113945345122
5 16113949363607
6 16113953630240
5 16113950012399
5 16113952189300
6 16113955231668
5 16113951550583
5 16113952013090
5 16113952563867
5 16113953294545
5 16113951737402
6 16113953505022
5 16113952373835
5 16113950752106
5 16113945817502
5 16113949054808
5 16113946173619
5 16113948571172
5 16113946256176
5 16113951226080
5 16113952116663
5 16113947104930
6 16113954295789
5 16113951804690
5 16113946164674
5 16113952830033
5 16113953118238
5 16113951924381
5 16113951950231
5 16113949707229
5 16113951531155
5 16113953405936
5 16113946476912
5 16113947033852
5 16113945952883
6 16113955228747
5 16113952059473
5 16113947888245
5 16113950792808
5 16113950034658
5 16113946825658
5 16113949048688
5 16113951599881
5 16113952828831
5 16113951533914
5 16113950471707
5 16113945956344
5 16113948838926
5 16113949739149
5 16113946945042
5 16113951513924
5 16113952600072
5 16113948007001
5 16113947910161
5 16113951494242
6 16113953948783
5 16113952231141
5 16113945120567
5 16113950708121
5 16113946080904
5 16113952749292
5 16113945265202
5 16113948654245
5 16113948285911
5 16113948109553
5 16113952388103
5 16113950888166
5 16113947947252
5 16113948208878
5 16113952638322
5 16113950095927
5 16113953397500
5 16113949656669
5 16113953119699
5 16113950834884
5 16113952119390
6 16113953521599
5 16113953298036
5 16113952078190
5 16113953313185
5 16113952099472
5 16113948281505
5 16113948262636
5 16113949539223
5 16113946481711
5 16113953182761
5 16113953032214
5 16113952928104
5 16113953166967
5 16113949059324
5 16113947715622
5 16113952823631
5 16113953035436
6 16113955451167
6 16113956251152
5 16113949776740
5 16113947879633
6 16113953107605
5 16113953705538
5 16113948661344
5 16113952007130
5 16113946035262
6 16113954195009
5 16113948695259
5 16113948863401
5 16113953179915
5 16113949316077
5 16113953193045
5 16113949702238
5 16113949141433
6 16113955122641
5 16113951023687
5 16113949396593
5 16113952778201
5 16113952376225
5 16113952787544
5 16113950322573
5 16113952662503
5 16113951214400
5 16113952884541
5 16113951893941
6 16113955594560
5 16113953090337
5 16113952328405
6 16113953344864
5 16113945844212
6 16113954436078
6 16113954389800
5 16113949741348
5 16113950759047
5 16113952521240
5 16113953116075
5 16113949024859
5 16113951847228
5 16113952505705
5 16113952115828
5 16113952129591
5 16113951950107
5 16113950766898
5 16113952027249
5 16113952461484
5 16113949714504
6 16113954035592
5 16113953600064
6 16113952879031
5 16113952267068
5 16113948628574
5 16113951072507
5 16113949899041
5 16113945468592
5 16113953620541
5 16113951344835
5 16113952379532
5 16113951682239
5 16113949293344
6 16113953619482
6 16113953008031
5 16113952750147
5 16113951587044
5 16113945967290
5 16113952503645
5 16113953097489
5 16113952160698
5 16113951858973
5 16113952172964
5 16113952856158
5 16113951277872
5 16113952982808
5 16113949904750
5 16113946027910
5 16113952923666
5 16113952265156
5 16113951746253
5 16113951717073
5 16113953537475
5 16113951937144
5 16113950806060
5 16113946064381
6 16113955152688
5 16113952915879
6 16113957231415
5 16113949917737
5 16113953084848
5 16113950351785
5 16113950993820
6 16113955692411
6 16113953286466
5 16113949413923
5 16113952490772
5 16113952381520
6 16113955958555
5 16113950267144
5 16113952709924
5 16113952836344
5 16113952045509
5 16113947960649
5 16113949223053
5 16113946529419
5 16113948115429
5 16113950546359
4 16113945756571
5 16113946720056
5 16113950814021
5 16113953149926
5 16113949283988
5 16113951521780
5 16113952243301
5 16113951301684
5 16113951415940
6 16113954923118
6 16113954228480
5 16113952340386
5 16113950064054
5 16113949932908
5 16113950642571
5 16113953737268
5 16113952643253
5 16113951118999
5 16113953046397
6 16113954675704
6 16113957514945
5 16113951430682
5 16113952036523
5 16113951727867
5 16113949589514
5 16113947752446
5 16113949916991
5 16113950795816
6 16113953616589
5 16113951171904
5 16113950367758
5 16113947300612
5 16113948630700
5 16113953043936
5 16113948391446
6 16113957962207
6 16113960372099
4 16113945541342
5 16113949589326
5 16113951042934
5 16113951323748
5 16113952810137
5 16113949835895
5 16113952447022
5 16113951780924
6 16113953560976
4 16113945465104
5 16113953424430
5 16113946191919
5 16113948367501
5 16113952651943
5 16113951040425
5 16113953013612
5 16113947939724
5 16113951190725
5 16113948944951
5 16113949580311
6 16113953348612
5 16113952516371
5 16113946329075
5 16113953186451
5 16113949701601
5 16113949792029
5 16113952595323
5 16113950129549
5 16113948667487
6 16113954109652
5 16113950636205
5 16113946140432
6 16113952460038
5 16113947934795
5 16113952501604
5 16113951799618
5 16113949689804
5 16113949107024
5 16113948450598
5 16113952044763
5 16113951799689
5 16113946165863
5 16113953024886
5 16113952822474
6 16113954279345
5 16113947296512
5 16113952611073
5 16113952828610
5 16113953518824
5 16113952195817
5 16113946892717
5 16113945949435
5 16113951593091
6 16113954812729
5 16113949896992
5 16113948504631
5 16113950315163
5 16113952590945
6 16113953877243
5 16113950341799
5 16113952297707
5 16113945996215
6 16113953639430
5 16113945842101
5 16113951640273
5 16113949744206
5 16113953958738
5 16113951366685
5 16113950132288
5 16113951613363
5 16113950764322
5 16113945395924
5 16113946654028
6 16113954835823
5 16113951407587
5 16113946066413
5 16113952119657
5 16113952160348
5 16113953250786
5 16113950480337
5 16113951833666
5 16113953633095
5 16113950932205
5 16113952266700
5 16113952877737
5 16113948931555
5 16113949086153
4 16113944664082
5 16113953016122
5 16113951942221
5 16113953612365
5 16113950192333
5 16113948046723
6 16113957677672
5 16113949424470
5 16113946614833
6 16113954418244
5 16113950972870
5 16113951735521
5 16113953079200
5 16113949127534
5 16113948016400
5 16113947160898
5 16113952324831
5 16113952858826
5 16113950675722
6 16113954634991
6 16113954588993
5 16113951747824
5 16113948307596
5 16113949459037
5 16113952284584
5 16113951860938
5 16113949054165
5 16113949998491
5 16113951278168
5 16113951769048
5 16113950407751
5 16113946159702
5 16113947689906
5 16113952780813
5 16113950230740
5 16113953750624
5 16113949599473
5 16113948233400
4 16113945278143
5 16113951378278
5 16113950804797
5 16113945913329
5 16113949987615
6 16113954306351
5 16113950617327
5 16113946434966
5 16113951744813
5 16113948858194
5 16113952615940
5 16113947450850
6 16113957311652
5 16113950708747
5 16113953330775
5 16113952558641
5 16113950994180
5 16113946342886
6 16113955471414
5 16113952230987
5 16113948915368
5 16113948345207
6 16113953069324
6 16113953985516
5 16113953148197
5 16113950781424
5 16113953116050
5 16113952701520
5 16113951674984
5 16113951359818
5 16113952336128
5 16113949471844
5 16113947185926
5 16113953772119
4 16113944901160
5 16113952434626
5 16113949584540
5 16113947991753
5 16113951944906
5 16113951131459
5 16113950844148
5 16113951605313
5 16113948271374
5 16113951984368
5 16113952273715
5 16113948040228
5 16113949226242
5 16113951924718
5 16113949515368
5 16113951936420
5 16113950390894
5 16113946786911
6 16113954276271
5 16113950354550
5 16113947909267
4 16113944077495
5 16113947037822
5 16113948621703
5 16113952888562
5 16113948923160
5 16113948561481
5 16113951330625
5 16113952364598
5 16113951771773
5 16113948937032
5 16113949258937
5 16113950090729
5 16113952514127
5 16113950065644
5 16113951899921
5 16113949608301
4 16113945378354
5 16113946787258
5 16113949645018
5 16113954416886
5 16113950423542
5 16113951388948
5 16113948233630
5 16113950883112
4 16113944165015
5 16113948449614
5 16113950586998
5 16113952648446
5 16113949243199
5 16113946674516
5 16113950143353
6 16113955120736
5 16113950162114
6 16113953849853
